00151,1
00152,1
00153,1
00154,1
00155,1
00156,1
00157,1
00158,1
00159,1
00160,1
00161,1
00162,1
00163,1
00164,1
00165,1
00166,1
00167,1
00251,2
00252,2
00253,2
00254,2
00255,2
00256,2
00257,2
00258,2
00259,2
00260,2
00261,2
00262,2
00263,2
00264,2
00265,2
00266,2
00267,2
00268,2
00269,2
00270,2
00351,3
00352,3
00353,3
00354,3
00355,3
00356,3
00357,3
00358,3
00359,3
00360,3
00361,3
00362,3
00451,4
00452,4
00453,4
00454,4
00455,4
00456,4
00457,4
00458,4
00459,4
00460,4
00461,4
00462,4
00463,4
00464,4
00465,4
00551,5
00552,5
00553,5
00554,5
00555,5
00556,5
00557,5
00558,5
00559,5
00651,6
00652,6
00653,6
00751,7
00752,7
00753,7
00754,7
00755,7
00756,7
00757,7
00758,7
00759,7
00760,7
00851,8
01101,1
01102,1
01103,1
01104,1
01105,1
01106,1
01107,1
01108,1
01109,1
01110,1
01111,1
01112,1
01113,1
01114,1
01115,1
01116,1
01117,1
01118,1
01119,1
01120,1
01121,1
01122,1
01123,1
01124,1
01125,1
01126,1
01127,1
01128,1
01129,1
01130,1
01201,2
01202,2
01203,2
01204,2
01205,2
01301,3
01302,3
01303,3
01401,4
01402,4
01501,5
02101,1
02102,1
02103,1
02104,1
02105,1
02106,1
02107,1
02108,1
02109,1
02110,1
02111,1
02112,1
02113,1
02114,1
02115,1
02116,1
02117,1
02118,1
02119,1
02201,2
02202,2
02203,2
02301,3
02302,3
02401,4
02402,4
02403,4
02404,4
02501,5
03101,1
03102,1
03103,1
03104,1
03105,1
03106,1
03201,2
03202,2
03203,2
03401,4
03501,5
03502,5
04101,1
04102,1
04103,1
04104,1
04105,1
04106,1
04107,1
04108,1
04201,2
04202,2
04203,2
04204,2
04301,3
04401,4
05101,1
05102,1
05103,1
05104,1
05105,1
05106,1
05201,2
05301,3
05401,4
06101,1
06102,1
06103,1
06104,1
06105,1
06106,1
06107,1
06108,1
06501,5
06701,7
07101,1
07102,1
07103,1
07104,1
07105,1
07106,1
07107,1
07108,1
07109,1
07110,1
07111,1
07112,1
07113,1
07114,1
07201,2
07202,2
07203,2
07301,3
07401,4
07402,4
08101,1
08102,1
08103,1
08104,1
08105,1
08106,1
08201,2
08202,2
08203,2
08204,2
08205,2
08206,2
08207,2
08208,2
08401,4
08501,5
09101,1
09102,1
09103,1
09104,1
09105,1
09106,1
09201,2
09202,2
09203,2
09301,3
09401,4
10101,1
10102,1
10103,1
10104,1
10105,1
10106,1
10107,1
10108,1
10109,1
10201,2
10202,2
10301,3
10601,6
11101,1
11102,1
11103,1
11104,1
11105,1
11106,1
11107,1
11108,1
11109,1
11110,1
11111,1
11112,1
11113,1
11114,1
11201,2
11202,2
11203,2
11204,2
11205,2
11206,2
11207,2
11301,3
11302,3
11303,3
11401,4
11501,5
12101,1
12102,1
12103,1
12104,1
12105,1
12106,1
12201,2
12202,2
12301,3
12302,3
12401,4
12402,4
13101,1
13102,1
13103,1
13104,1
13105,1
13106,1
13107,1
13108,1
13201,2
13202,2
13203,2
13204,2
13205,2
13206,2
13207,2
13208,2
13209,2
13210,2
13211,2
13212,2
13213,2
13214,2
13301,3
13302,3
13303,3
13304,3
13305,3
13501,5
14101,1
14102,1
14103,1
14104,1
14105,1
14106,1
14107,1
14108,1
14109,1
14110,1
14111,1
14112,1
14113,1
14114,1
14115,1
14116,1
14201,2
14202,2
14203,2
14204,2
14205,2
14206,2
14207,2
14208,2
14209,2
14210,2
14211,2
14212,2
14213,2
14301,3
14302,3
14401,4
14402,4
14701,7
15101,1
15102,1
15103,1
15104,1
15201,2
15401,4
16101,1
16102,1
16103,1
16104,1
16105,1
16106,1
16107,1
16108,1
16401,4
16601,6
17101,1
17102,1
17103,1
17104,1
17105,1
17106,1
17107,1
17108,1
17109,1
17110,1
17111,1
17112,1
17113,1
17114,1
17115,1
17116,1
17117,1
17118,1
17119,1
17120,1
17121,1
17122,1
17123,1
17124,1
17125,1
17126,1
17127,1
17128,1
17129,1
17130,1
17201,2
17202,2
17203,2
17204,2
17205,2
17206,2
17301,3
17401,4
17402,4
17403,4
17601,6
18101,1
18102,1
18103,1
18104,1
18105,1
18106,1
18107,1
18201,2
18202,2
18203,2
18301,3
18401,4
18501,5
19101,1
19102,1
19103,1
19104,1
19105,1
19106,1
19201,2
19202,2
19401,4
21101,1
21102,1
21103,1
21104,1
21105,1
21106,1
21107,1
21108,1
21109,1
21110,1
21201,2
21202,2
21203,2
21204,2
21205,2
21206,2
21401,4
21701,7
22101,1
22102,1
22103,1
22104,1
22105,1
22106,1
22107,1
22108,1
22109,1
22110,1
22111,1
22112,1
22113,1
22114,1
22115,1
22116,1
22117,1
22118,1
22119,1
22201,2
22202,2
22203,2
22204,2
22205,2
22206,2
22301,3
22302,3
22303,3
22401,4
22402,4
22403,4
22501,5
23101,1
23102,1
23201,2
23301,3
24101,1
24102,1
24103,1
24104,1
24105,1
24106,1
24107,1
24108,1
24109,1
24110,1
24111,1
24112,1
24201,2
24202,2
24203,2
24501,5
25101,1
25102,1
25103,1
25104,1
25105,1
25106,1
25107,1
25108,1
25109,1
25110,1
25111,1
25112,1
25113,1
25114,1
25201,2
25202,2
25203,2
25204,2
25301,3
25401,4
25601,6
26101,1
26102,1
26103,1
26104,1
26105,1
26106,1
26107,1
26108,1
26109,1
26110,1
26201,2
26202,2
26203,2
26204,2
26301,3
26302,3
26303,3
26304,3
26501,5
27101,1
27102,1
27103,1
27104,1
27105,1
27106,1
27107,1
27108,1
27109,1
27110,1
27111,1
27112,1
27113,1
27114,1
27115,1
27116,1
27117,1
27201,2
27202,2
27203,2
27204,2
27205,2
27206,2
27207,2
27301,3
27302,3
27303,3
27401,4
27402,4
27501,5
28101,1
28102,1
28103,1
28104,1
28105,1
28106,1
28107,1
28108,1
28109,1
28110,1
28201,2
28202,2
28203,2
28204,2
28205,2
28206,2
28207,2
28208,2
28301,3
28401,4
28501,5
29101,1
29102,1
29103,1
29104,1
29105,1
29106,1
29107,1
29108,1
29109,1
29110,1
29111,1
29112,1
29113,1
29114,1
29115,1
29116,1
29117,1
29118,1
29119,1
29120,1
29121,1
29122,1
29123,1
29124,1
29125,1
29126,1
29127,1
29128,1
29129,1
29130,1
29131,1
29201,2
29202,2
29203,2
29204,2
29205,2
29206,2
29207,2
29208,2
29209,2
29210,2
29211,2
29212,2
29213,2
29214,2
29215,2
29301,3
29302,3
29303,3
29304,3
29305,3
29306,3
29307,3
29308,3
29309,3
29401,4
29402,4
29403,4
29404,4
29501,5
29701,7
2A101,1
2A102,1
2A103,1
2A104,1
2A105,1
2A106,1
2A301,3
2A501,5
2B101,1
2B102,1
2B103,1
2B201,2
2B202,2
2B203,2
2B401,4
2B501,5
30101,1
30102,1
30103,1
30104,1
30105,1
30106,1
30107,1
30108,1
30109,1
30110,1
30111,1
30112,1
30113,1
30114,1
30115,1
30116,1
30117,1
30118,1
30119,1
30120,1
30121,1
30201,2
30202,2
30203,2
30204,2
30205,2
30206,2
30207,2
30208,2
30209,2
30210,2
30211,2
30212,2
30213,2
30214,2
30301,3
30302,3
30303,3
30304,3
30305,3
30306,3
30401,4
30501,5
30601,6
31101,1
31102,1
31103,1
31104,1
31105,1
31106,1
31107,1
31108,1
31109,1
31110,1
31111,1
31112,1
31113,1
31114,1
31115,1
31116,1
31117,1
31118,1
31119,1
31120,1
31121,1
31122,1
31123,1
31201,2
31202,2
31203,2
31204,2
31205,2
31206,2
31207,2
31208,2
31209,2
31210,2
31211,2
31212,2
31213,2
31301,3
32101,1
32102,1
32103,1
32104,1
32105,1
32106,1
32201,2
32202,2
32203,2
32401,4
33101,1
33102,1
33103,1
33104,1
33105,1
33106,1
33107,1
33108,1
33109,1
33110,1
33111,1
33112,1
33113,1
33114,1
33115,1
33116,1
33117,1
33118,1
33119,1
33120,1
33121,1
33122,1
33123,1
33124,1
33125,1
33126,1
33127,1
33201,2
33202,2
33203,2
33204,2
33205,2
33206,2
33207,2
33208,2
33209,2
33210,2
33211,2
33212,2
33213,2
33214,2
33215,2
33216,2
33217,2
33301,3
33302,3
33303,3
33304,3
33305,3
33306,3
33401,4
33501,5
33701,7
34101,1
34102,1
34103,1
34104,1
34105,1
34106,1
34107,1
34108,1
34109,1
34110,1
34111,1
34112,1
34113,1
34114,1
34115,1
34116,1
34117,1
34118,1
34119,1
34120,1
34121,1
34122,1
34123,1
34124,1
34125,1
34126,1
34127,1
34128,1
34129,1
34130,1
34131,1
34132,1
34133,1
34134,1
34135,1
34136,1
34137,1
34138,1
34139,1
34140,1
34141,1
34142,1
34201,2
34202,2
34203,2
34204,2
34205,2
34206,2
34207,2
34208,2
34209,2
34210,2
34211,2
34212,2
34213,2
34214,2
34215,2
34301,3
34302,3
34303,3
34304,3
34305,3
34306,3
34401,4
34501,5
34502,5
34701,7
35101,1
35102,1
35103,1
35104,1
35105,1
35106,1
35107,1
35108,1
35109,1
35110,1
35111,1
35112,1
35113,1
35114,1
35115,1
35116,1
35117,1
35118,1
35119,1
35120,1
35121,1
35122,1
35123,1
35124,1
35125,1
35126,1
35127,1
35128,1
35129,1
35130,1
35131,1
35132,1
35201,2
35202,2
35203,2
35204,2
35205,2
35206,2
35207,2
35208,2
35209,2
35210,2
35211,2
35212,2
35213,2
35214,2
35215,2
35216,2
35217,2
35218,2
35219,2
35220,2
35221,2
35222,2
35301,3
35302,3
35303,3
35401,4
35402,4
35701,7
36101,1
36102,1
36103,1
36104,1
36105,1
36106,1
36107,1
36108,1
36109,1
36201,2
36202,2
36203,2
36301,3
36501,5
37101,1
37102,1
37103,1
37104,1
37105,1
37106,1
37107,1
37108,1
37201,2
37202,2
37203,2
37204,2
37205,2
37206,2
37301,3
37302,3
37303,3
37701,7
38101,1
38102,1
38103,1
38104,1
38105,1
38106,1
38107,1
38108,1
38109,1
38110,1
38111,1
38112,1
38113,1
38114,1
38115,1
38116,1
38117,1
38118,1
38119,1
38120,1
38121,1
38122,1
38123,1
38124,1
38125,1
38126,1
38127,1
38128,1
38201,2
38202,2
38203,2
38204,2
38205,2
38206,2
38207,2
38208,2
38209,2
38301,3
38302,3
38303,3
38304,3
38401,4
38402,4
38403,4
38404,4
38405,4
38501,5
38502,5
38701,7
39101,1
39102,1
39103,1
39104,1
39105,1
39106,1
39107,1
39108,1
39109,1
39201,2
39202,2
39203,2
39204,2
39401,4
39402,4
40101,1
40102,1
40103,1
40104,1
40105,1
40106,1
40107,1
40108,1
40109,1
40110,1
40111,1
40112,1
40113,1
40114,1
40201,2
40202,2
40203,2
40204,2
40205,2
40206,2
40207,2
40208,2
40209,2
40301,3
40302,3
40303,3
40401,4
40501,5
41101,1
41102,1
41103,1
41104,1
41105,1
41106,1
41107,1
41108,1
41109,1
41110,1
41111,1
41201,2
41202,2
41203,2
41204,2
41205,2
41206,2
41301,3
41401,4
41501,5
42101,1
42102,1
42103,1
42104,1
42105,1
42106,1
42107,1
42201,2
42202,2
42203,2
42204,2
42205,2
42206,2
42401,4
42501,5
42502,5
43101,1
43102,1
43103,1
43104,1
43105,1
43201,2
43202,2
43203,2
43301,3
43401,4
44101,1
44102,1
44103,1
44104,1
44105,1
44106,1
44107,1
44108,1
44109,1
44110,1
44111,1
44112,1
44113,1
44114,1
44115,1
44116,1
44117,1
44118,1
44119,1
44120,1
44201,2
44202,2
44203,2
44204,2
44205,2
44206,2
44207,2
44208,2
44209,2
44210,2
44211,2
44212,2
44213,2
44214,2
44215,2
44216,2
44217,2
44218,2
44219,2
44220,2
44221,2
44222,2
44223,2
44224,2
44225,2
44301,3
44302,3
44303,3
44304,3
44305,3
44306,3
44601,6
44701,7
45101,1
45102,1
45103,1
45104,1
45105,1
45106,1
45107,1
45108,1
45109,1
45110,1
45111,1
45112,1
45113,1
45114,1
45115,1
45116,1
45201,2
45202,2
45203,2
45204,2
45205,2
45206,2
45207,2
45208,2
45209,2
45210,2
45301,3
45302,3
45501,5
45701,7
46101,1
46102,1
46103,1
46104,1
46105,1
46106,1
46107,1
46301,3
46401,4
47101,1
47102,1
47103,1
47104,1
47105,1
47106,1
47201,2
47301,3
47302,3
47401,4
47501,5
48101,1
48102,1
48103,1
48201,2
48301,3
49101,1
49102,1
49103,1
49104,1
49105,1
49106,1
49107,1
49108,1
49109,1
49110,1
49111,1
49112,1
49113,1
49114,1
49115,1
49116,1
49117,1
49118,1
49119,1
49120,1
49201,2
49202,2
49203,2
49204,2
49205,2
49206,2
49207,2
49208,2
49209,2
49210,2
49211,2
49212,2
49301,3
49302,3
49303,3
49304,3
49305,3
49306,3
49307,3
49401,4
49402,4
49403,4
49404,4
49405,4
49501,5
49701,7
50101,1
50102,1
50103,1
50104,1
50105,1
50106,1
50107,1
50108,1
50109,1
50110,1
50111,1
50112,1
50113,1
50114,1
50201,2
50202,2
50203,2
50204,2
50205,2
50206,2
50207,2
50301,3
50302,3
50401,4
50402,4
50501,5
51101,1
51102,1
51103,1
51104,1
51105,1
51106,1
51107,1
51108,1
51109,1
51110,1
51111,1
51112,1
51201,2
51202,2
51203,2
51204,2
51301,3
51401,4
51501,5
51701,7
52101,1
52102,1
52103,1
52104,1
52201,2
52202,2
52401,4
53101,1
53102,1
53103,1
53104,1
53105,1
53106,1
53107,1
53108,1
53109,1
53110,1
53111,1
53112,1
53113,1
53201,2
53202,2
53203,2
53301,3
53302,3
53501,5
54101,1
54102,1
54103,1
54104,1
54105,1
54106,1
54107,1
54108,1
54109,1
54110,1
54111,1
54112,1
54201,2
54202,2
54203,2
54204,2
54205,2
54301,3
54302,3
54401,4
54402,4
54403,4
54404,4
54405,4
54701,7
55101,1
55102,1
55103,1
55104,1
55105,1
55106,1
55201,2
55202,2
55301,3
55401,4
56101,1
56102,1
56103,1
56104,1
56105,1
56106,1
56107,1
56108,1
56109,1
56110,1
56111,1
56112,1
56113,1
56114,1
56115,1
56116,1
56117,1
56118,1
56119,1
56120,1
56121,1
56122,1
56123,1
56201,2
56202,2
56203,2
56204,2
56205,2
56206,2
56207,2
56208,2
56209,2
56210,2
56211,2
56212,2
56213,2
56214,2
56215,2
56216,2
56217,2
56301,3
56302,3
56303,3
56304,3
56305,3
56401,4
56402,4
56501,5
56601,6
57101,1
57102,1
57103,1
57104,1
57105,1
57106,1
57107,1
57108,1
57109,1
57110,1
57111,1
57112,1
57113,1
57114,1
57115,1
57116,1
57117,1
57118,1
57119,1
57120,1
57121,1
57122,1
57123,1
57124,1
57125,1
57126,1
57127,1
57128,1
57129,1
57130,1
57131,1
57132,1
57133,1
57134,1
57135,1
57136,1
57201,2
57202,2
57203,2
57204,2
57205,2
57206,2
57207,2
57208,2
57301,3
57302,3
57303,3
57401,4
57402,4
57501,5
57601,6
57701,7
58101,1
58102,1
58103,1
58104,1
58105,1
58106,1
58107,1
58201,2
58202,2
58501,5
59101,1
59102,1
59103,1
59104,1
59105,1
59106,1
59107,1
59108,1
59109,1
59110,1
59111,1
59112,1
59113,1
59114,1
59115,1
59116,1
59117,1
59118,1
59119,1
59120,1
59121,1
59122,1
59123,1
59124,1
59125,1
59126,1
59127,1
59128,1
59129,1
59130,1
59131,1
59132,1
59133,1
59134,1
59135,1
59136,1
59137,1
59138,1
59139,1
59140,1
59201,2
59202,2
59203,2
59204,2
59205,2
59206,2
59207,2
59208,2
59209,2
59210,2
59211,2
59212,2
59301,3
59302,3
59303,3
59304,3
59305,3
59306,3
59307,3
59308,3
59309,3
59401,4
59402,4
59403,4
59501,5
59601,6
59602,6
59701,7
59702,7
60101,1
60102,1
60103,1
60104,1
60105,1
60106,1
60107,1
60108,1
60109,1
60110,1
60111,1
60112,1
60113,1
60114,1
60115,1
60116,1
60117,1
60118,1
60119,1
60120,1
60121,1
60122,1
60123,1
60124,1
60125,1
60201,2
60202,2
60203,2
60204,2
60205,2
60206,2
60207,2
60208,2
60301,3
60302,3
60303,3
60304,3
60305,3
60306,3
60401,4
60402,4
60501,5
60502,5
60601,6
61101,1
61102,1
61103,1
61104,1
61105,1
61106,1
61107,1
61201,2
61301,3
61302,3
61401,4
62101,1
62102,1
62103,1
62104,1
62105,1
62106,1
62107,1
62108,1
62109,1
62110,1
62111,1
62112,1
62113,1
62114,1
62115,1
62116,1
62117,1
62118,1
62119,1
62201,2
62202,2
62203,2
62204,2
62205,2
62206,2
62207,2
62208,2
62209,2
62210,2
62211,2
62301,3
62401,4
62501,5
62502,5
62503,5
63101,1
63102,1
63103,1
63104,1
63105,1
63106,1
63107,1
63108,1
63109,1
63110,1
63111,1
63112,1
63113,1
63114,1
63115,1
63116,1
63117,1
63118,1
63119,1
63120,1
63121,1
63201,2
63202,2
63203,2
63204,2
63301,3
63302,3
63303,3
63304,3
63401,4
63701,7
64101,1
64102,1
64103,1
64104,1
64105,1
64106,1
64107,1
64201,2
64202,2
64203,2
64204,2
64301,3
64302,3
64303,3
64701,7
65101,1
65102,1
65103,1
65201,2
65202,2
65203,2
65204,2
65301,3
65302,3
65501,5
66101,1
66102,1
66103,1
66104,1
66105,1
66106,1
66107,1
66108,1
66109,1
66110,1
66111,1
66112,1
66113,1
66114,1
66115,1
66116,1
66117,1
66118,1
66119,1
66201,2
66202,2
66203,2
66204,2
66205,2
66206,2
66301,3
66302,3
66501,5
66701,7
67101,1
67102,1
67103,1
67104,1
67105,1
67106,1
67107,1
67108,1
67109,1
67110,1
67111,1
67112,1
67113,1
67114,1
67115,1
67116,1
67117,1
67118,1
67119,1
67120,1
67121,1
67122,1
67123,1
67124,1
67125,1
67126,1
67127,1
67128,1
67129,1
67130,1
67131,1
67132,1
67133,1
67134,1
67135,1
67136,1
67137,1
67138,1
67139,1
67140,1
67141,1
67142,1
67143,1
67144,1
67145,1
67146,1
67147,1
67148,1
67201,2
67202,2
67203,2
67204,2
67205,2
67206,2
67207,2
67208,2
67209,2
67210,2
67211,2
67212,2
67213,2
67301,3
67302,3
67303,3
67304,3
67305,3
67306,3
67307,3
67401,4
67501,5
67701,7
68101,1
68102,1
68103,1
68104,1
68105,1
68106,1
68107,1
68108,1
68109,1
68110,1
68111,1
68112,1
68113,1
68114,1
68115,1
68116,1
68117,1
68118,1
68119,1
68120,1
68121,1
68122,1
68123,1
68124,1
68125,1
68201,2
68202,2
68203,2
68204,2
68205,2
68206,2
68207,2
68208,2
68301,3
68401,4
68402,4
68403,4
68501,5
68701,7
69101,1
69102,1
69103,1
69104,1
69105,1
69106,1
69107,1
69108,1
69109,1
69110,1
69111,1
69201,2
69202,2
69203,2
69204,2
69205,2
69301,3
69302,3
69303,3
69401,4
70101,1
70102,1
70103,1
70104,1
70105,1
70106,1
70201,2
70202,2
70301,3
70302,3
70303,3
70401,4
71101,1
71102,1
71103,1
71104,1
71105,1
71106,1
71107,1
71108,1
71109,1
71110,1
71111,1
71201,2
71202,2
71203,2
71204,2
71205,2
71206,2
71207,2
71301,3
71302,3
71401,4
71402,4
71501,5
72101,1
72102,1
72103,1
72104,1
72105,1
72106,1
72107,1
72108,1
72109,1
72110,1
72111,1
72112,1
72113,1
72114,1
72115,1
72116,1
72117,1
72118,1
72119,1
72120,1
72201,2
72202,2
72203,2
72204,2
72205,2
72206,2
72207,2
72301,3
72302,3
72303,3
72701,7
73101,1
73102,1
73103,1
73104,1
73105,1
73106,1
73107,1
73108,1
73109,1
73110,1
73111,1
73201,2
73202,2
73203,2
73204,2
73205,2
73401,4
73601,6
74101,1
74102,1
74103,1
74104,1
74105,1
74106,1
74107,1
74108,1
74109,1
74110,1
74111,1
74112,1
74113,1
74114,1
74115,1
74201,2
74202,2
74203,2
74204,2
74205,2
74206,2
74207,2
74208,2
74209,2
74210,2
74301,3
74302,3
74303,3
74501,5
74502,5
74601,6
76101,1
76102,1
76103,1
76104,1
76105,1
76106,1
76107,1
76108,1
76109,1
76110,1
76111,1
76112,1
76113,1
76114,1
76115,1
76116,1
76117,1
76118,1
76119,1
76120,1
76121,1
76122,1
76123,1
76124,1
76125,1
76126,1
76127,1
76201,2
76202,2
76203,2
76204,2
76205,2
76301,3
76302,3
76303,3
76401,4
76402,4
76403,4
76701,7
77101,1
77102,1
77103,1
77104,1
77105,1
77106,1
77107,1
77108,1
77109,1
77110,1
77111,1
77112,1
77113,1
77114,1
77115,1
77116,1
77117,1
77118,1
77119,1
77120,1
77121,1
77122,1
77123,1
77124,1
77125,1
77126,1
77127,1
77128,1
77129,1
77130,1
77201,2
77202,2
77203,2
77204,2
77205,2
77206,2
77207,2
77208,2
77301,3
77302,3
77303,3
77304,3
77305,3
77306,3
77401,4
77402,4
77403,4
77404,4
77405,4
77501,5
77502,5
78101,1
78102,1
78103,1
78104,1
78105,1
78106,1
78107,1
78108,1
78201,2
78202,2
78203,2
78204,2
78205,2
78206,2
78301,3
78302,3
78303,3
78401,4
78402,4
79101,1
79102,1
79103,1
79104,1
79105,1
79106,1
79107,1
79108,1
79109,1
79201,2
79202,2
79203,2
79204,2
79205,2
79206,2
79207,2
79301,3
79302,3
79303,3
79304,3
79501,5
80101,1
80102,1
80103,1
80104,1
80105,1
80106,1
80107,1
80108,1
80109,1
80110,1
80111,1
80112,1
80113,1
80114,1
80115,1
80116,1
80117,1
80118,1
80201,2
80202,2
80203,2
80204,2
80205,2
80206,2
80207,2
80208,2
80209,2
80210,2
80401,4
80601,6
81101,1
81102,1
81103,1
81104,1
81201,2
81202,2
81203,2
81204,2
81301,3
81302,3
81303,3
81304,3
81401,4
81501,5
81502,5
82101,1
82102,1
82103,1
82104,1
82105,1
82106,1
82107,1
82108,1
82109,1
82201,2
82202,2
82203,2
82204,2
82301,3
82401,4
82501,5
83101,1
83102,1
83103,1
83104,1
83105,1
83106,1
83107,1
83108,1
83109,1
83110,1
83111,1
83112,1
83113,1
83114,1
83115,1
83116,1
83117,1
83118,1
83119,1
83120,1
83121,1
83122,1
83201,2
83202,2
83203,2
83204,2
83205,2
83206,2
83207,2
83208,2
83209,2
83301,3
83302,3
83303,3
83304,3
83305,3
83306,3
83307,3
83308,3
83309,3
83310,3
83311,3
83401,4
83501,5
83502,5
84101,1
84102,1
84103,1
84104,1
84105,1
84106,1
84107,1
84108,1
84109,1
84110,1
84111,1
84201,2
84202,2
84203,2
84204,2
84205,2
84301,3
84302,3
84303,3
84401,4
85101,1
85102,1
85103,1
85104,1
85105,1
85106,1
85107,1
85108,1
85109,1
85110,1
85111,1
85112,1
85113,1
85114,1
85115,1
85116,1
85117,1
85118,1
85119,1
85120,1
85121,1
85122,1
85123,1
85124,1
85125,1
85126,1
85127,1
85128,1
85129,1
85130,1
85131,1
85132,1
85133,1
85134,1
85135,1
85136,1
85137,1
85138,1
85201,2
85202,2
85203,2
85204,2
85205,2
85206,2
85207,2
85208,2
85209,2
85210,2
85211,2
85212,2
85213,2
85214,2
85215,2
85301,3
85302,3
85401,4
85402,4
85403,4
85404,4
85501,5
86101,1
86102,1
86103,1
86104,1
86105,1
86106,1
86107,1
86108,1
86109,1
86110,1
86111,1
86112,1
86113,1
86114,1
86115,1
86116,1
86117,1
86118,1
86201,2
86202,2
86203,2
86204,2
86205,2
86401,4
86601,6
87101,1
87102,1
87103,1
87104,1
87105,1
87106,1
87201,2
87202,2
87203,2
87301,3
87601,6
88101,1
88102,1
88103,1
88104,1
88105,1
88106,1
88107,1
88108,1
88109,1
88110,1
88111,1
88201,2
88202,2
88203,2
88204,2
88205,2
88206,2
88301,3
88302,3
88303,3
88304,3
88401,4
88402,4
88501,5
89101,1
89102,1
89103,1
89104,1
89105,1
89106,1
89107,1
89108,1
89109,1
89201,2
89202,2
89203,2
89204,2
89301,3
89401,4
89402,4
90101,1
90102,1
90103,1
90201,2
90301,3
91101,1
91102,1
91103,1
91104,1
91105,1
91106,1
91107,1
91108,1
91201,2
91202,2
91203,2
91204,2
91205,2
91206,2
91301,3
91302,3
91303,3
91304,3
91401,4
95101,1
95102,1
95103,1
95104,1
95105,1
95106,1
95107,1
95108,1
95201,2
95202,2
95203,2
95301,3
95302,3
95303,3
9A101,1
9A201,2
9A202,2
9A203,2
9A204,2
9A301,3
9A401,4
9A501,5
9A701,7
9B101,1
9B102,1
9B103,1
9B201,2
9B202,2
9B203,2
9B204,2
9B401,4
9B402,4
9B601,6
9B602,6
9C101,1
9C102,1
9C301,3
9C302,3
9C303,3
9C401,4
9C402,4
9C601,6
9D201,2
9D202,2
9D203,2
9D204,2
9D301,3
9D401,4
9D402,4
9D403,4
9D404,4
9D405,4
9D501,5
9D502,5
9D601,6
9D602,6
9D603,6
9F201,2
9F202,2
9F203,2
9F204,2
9F205,2
9F206,2
9F207,2
9F301,3
9F302,3
9F303,3
9F304,3
9F305,3
9F306,3
9F401,4
9F601,6
